RA_1,DEC_1,Z,MI
166.4841156,3.211986065,0.3532,-24.317873
166.5119324,34.47636032,0.7213,-25.14323
166.5685327,28.92626863,2.198,-24.970816
166.5893074,10.74238361,1.857,-26.90527
166.6395111,32.06030655,1.8893,-27.94943
166.6744995,61.69625854,0.5717,-23.923191
166.7075043,10.29400444,0.1679,-22.561085
166.7227783,3.836680889,1.2719,-25.353365
166.928091,10.357311,1.925,-28.440512
167.3426386,1.033728698,3.926,-26.443434000000003
167.7874883,28.8557974,0.603,-23.651741
167.7960301,40.0896875,1.5211481000000002,-24.906191
167.8840866,55.79058625,0.7669595,-26.89377
168.054828,27.55119407,2.6460000000000004,-24.996964
168.4777527,12.74418068,0.6805,-24.536671
168.5659637,-0.988996983,0.5709,-23.202398
168.6613159,40.62231827,0.7361,-26.362808
168.7970185,53.34382245,2.8071077,-28.991508000000003
168.8007885,53.33278823,0.5870000000000001,-22.877056
168.8018799,52.9337883,1.1033,-25.830919
168.9963329,42.88913161,1.3530000000000002,-25.00173
169.2766571,44.22591782,0.1438,-24.144981
169.4532917,7.707508031,2.202,-25.169247
169.5005341,23.61432838,0.3814,-23.556324
169.5558917,58.80060911,2.133,-26.526796
169.5706177,7.766168118,1.735,-29.326855
169.6424408,15.02742481,1.6026,-26.456873
169.6690216,7.890038967,1.4615,-25.994318
169.7387543,12.57825565,2.1288,-27.607725
169.7779846,21.31399536,1.183,-25.096733
169.7821602,58.03829662,2.543,-26.594231
169.7861618,21.32164943,0.17600000000000002,-25.842539
169.8159351,47.84867391,0.16214381,-22.856293
169.9901775,6.706785087,2.0540000000000003,-23.861055
170.0106498,6.726364106,2.804,-25.087524
170.06141,13.541073,0.993,-44.21035
170.5840677,34.28344848,2.5069999999999997,-25.950464
170.62645,34.26056062,2.392,-24.478701
170.7994089,14.14983359,2.889,-24.871559
170.83638,1.62985301,1.4725,-29.322876
171.3588522,0.483700015,0.8640000000000001,-26.055702
171.4741364,59.1726532,0.8519,-27.226187
171.6886556,51.5750926,1.2668694,-24.496649
171.820791,42.45910131,2.224,-25.185566
171.8699188,63.72213745,0.1643,-22.55916
172.0934073,48.38614237,0.541,-25.495317
172.1179598,1.22720613,0.893,-25.645979
172.308746,9.866408835,1.516,-27.990282
172.9669929,13.57075874,1.9709999999999999,-23.953653
173.139801,27.66565132,0.6809999999999999,-24.428114
173.1401447,38.06287664,2.302,-27.9494
173.3657837,3.455327988,0.5249,-25.158718
173.740097,25.92442131,0.7098,-26.688772
173.9377405,54.55510503,1.103,-24.667351
174.1654079,42.7630513,2.2544327,-25.949505
174.5155792,3.249392986,2.4427,-27.325085
174.5848278,56.94801885,1.93,-27.739094
174.7156312,63.49869911,2.617,-26.635254
174.7193604,63.49278259,1.8780000000000001,-26.985426
174.8117897,29.74557911,1.431,-24.425413
175.1817985,53.4108266,0.53,-24.567829
175.3234863,-0.213991001,0.5046,-24.445118
175.4700223,22.30613565,1.1540000000000001,-23.693592
175.6069958,30.33304009,2.615,-25.817652
175.9870268,19.94704759,0.336,-22.320778
176.0176697,1.766033053,1.8314,-26.786673
176.0237122,19.95983696,0.9541,-25.344679
176.0645766,45.41257654,1.8840000000000001,-26.498682
176.2681604,28.9536258,2.174,-25.466196
176.4879024,47.49321606,1.109,-23.75736
176.4917366,47.58019168,1.351,-23.456371
176.493066,50.22663185,2.8,-27.587227
176.5090992,49.81751141,1.103,-24.805948
176.5120981,50.215128,1.4513575,-23.965637
176.5261979,47.45639195,1.754,-23.912613
176.536327,49.85170138,2.2880000000000003,-25.129263
176.5430887,49.84028544,1.4447846000000002,-24.776066
176.7032184,22.40975355,2.572,-25.624239000000006
176.9338226,-1.767089963,0.5531,-24.409946
176.9833364,-2.839837147,2.55,-27.174412
177.0693626,52.86397533,6.44,-25.866405
177.1039401,52.8464568,2.34,-26.639389
177.1453047,12.69355561,2.377,-25.846996
177.1992965,10.91623708,0.861,-26.377804
177.2195732,51.76166719,0.875,-24.23361
177.2880554,-0.39715299,0.7417,-24.228384
177.3589237,56.86851429,1.0037582,-23.221869
177.3779475,56.84816047,2.8705986,-26.604445
177.382309,22.50788116,0.9617,-27.181076
177.3911591,22.37418556,0.5538,-24.023605
177.4036102,53.25467682,0.1902,-22.326889
177.4175652,48.44279584,1.8619999999999999,-24.571997
177.4538812,48.41653703,1.038,-25.03635
177.631427,4.899123962,2.523,-26.068371
177.8000556,-1.450927903,2.427,-25.268406
177.8141022,0.640832007,1.8805,-27.987263
177.8352356,54.62585449,0.9752,-28.560202
177.8723755,38.43119812,1.3021,-27.949987
177.9284331,54.56692901,1.1079999999999999,-23.467308
177.9287035,56.23428675,1.17,-23.437794
177.9443051,54.69907737,2.4955053,-25.933842
177.9464825,54.5521801,2.0270813000000003,-25.591934
177.9882042,54.57917498,1.5245543,-23.743645
178.2427389,36.98276704,0.5770000000000001,-23.327316
178.3324532,49.49701887,1.58,-24.752151
178.3519436,49.51910074,0.33391157,-24.322969
178.3980487,52.94944913,2.33,-25.459141
178.4816437,58.41175842,0.3195,-23.327644
178.8222809,63.77280045,2.8882,-28.973387
178.8262178,19.66172567,1.0190000000000001,-27.635946
178.8824501,29.30238567,2.0869999999999997,-24.035601
179.0399292,19.1998739,2.239,-25.783596
179.1429088,54.95842614,0.457,-22.390686
179.3805353,33.53059801,2.061,-26.313293
179.4119418,33.567865,2.4619999999999997,-27.64533
179.6659143,26.41971944,3.425,-27.297405
179.7771867,13.62714891,4.05,-29.930241
179.9367828,1.201941967,2.0022,-28.769875
180.2125549,34.28401947,0.3767,-23.023724
180.5065109,47.7188491,2.262,-25.628263
180.7725755,48.22028956,2.001,-27.800047
180.9260166,10.47547686,1.8940000000000001,-28.088793
181.1111145,1.926332951,1.3757,-25.995756
181.1161656,28.05584408,3.22,-26.020351
181.175447,27.90327943,0.165,-23.229959
181.2548298,59.34437239,2.039,-27.715988
181.6235199,43.53821182,1.7889,-26.978333000000006
181.6660868,2.885641824,2.5140000000000002,-27.995844
199.8432465,8.945814133,1.0227,-25.356575
199.984314,27.46894264,1.0173,-28.397793
200.0508318,13.18540329,2.501,-26.230833
200.3284929,11.11388173,2.178,-27.389038
200.5944969,46.75979184,0.374,-24.429523
200.7330837,8.177700375,2.437,-24.658421
200.753178,-0.187087138,2.253,-25.296122
201.0064444,27.42752822,1.466,-24.776836
201.078125,27.51836586,0.6586,-24.285664
201.1598858,27.64960914,2.421,-25.256674
201.2262637,30.98684474,2.9019999999999997,-25.222731
201.3738021,65.25370636,1.6280000000000001,-28.116476
201.6346657,33.72107524,2.658,-24.791588
201.7506498,44.56560671,3.0010000000000003,-27.316885
201.8350688,44.5042519,2.36,-26.247608000000003
201.9709912,33.66670181,3.5389999999999997,-27.198803
202.5776978,18.17559624,1.3932,-26.490459
202.5955868,30.60866298,2.373,-25.234409
202.6570435,25.15304565,1.0542,-26.388777
202.7672119,54.89899826,1.205,-25.896919
202.7845649,30.50913931,0.85,-26.698467
202.9213715,41.03297043,1.932,-28.806736
202.9416097,3.596175888,2.5789999999999997,-26.219711
203.0969215,50.57538349,3.832,-28.868990000000004
203.1715851,30.01850128,0.2204,-22.398127
203.2219543,2.012686014,0.2158,-22.710104
203.3937507,37.82015465,3.4610000000000003,-27.057178000000004
203.3991042,16.81776632,2.089,-29.918028000000003
203.5487518,55.02358246,1.2447,-26.728395000000006
203.7771606,34.20953369,0.2215,-23.231041
203.8327332,51.50866318,1.4173,-25.897261
203.8613739,40.99933243,1.7609,-26.887239
204.1002645,39.29196857,0.17899224,-23.506771
204.9390564,0.162824005,1.8719,-26.655169
204.9696944,0.036005275,3.108,-27.694067
205.1101654,63.74253241,2.795,-27.237898
205.2165197,27.51852151,2.292,-25.263706
205.226181,-3.130755901,0.5329,-23.27496
205.3608099,35.67916049,2.4859999999999998,-26.943399
205.5403712,38.45020999,3.782,-26.23728
205.5552826,60.36193085,0.9641,-26.570585
205.60252,18.6961002,2.135,-24.649075
205.6544492,60.29689647,2.421,-24.638918
205.7150269,-0.895918012,0.3257,-24.631523
205.9958724,24.4359507,2.11,-24.656696
206.1729347,24.06362985,2.628,-27.375254
206.3591309,49.7960968,1.1964,-25.698881
206.3676209,49.7594837,1.0596428,-22.882856
206.6569214,-0.337747008,2.0551,-26.714788
207.3929596,-0.68414098,0.5148,-24.907421
207.4064491,42.04133926,0.89822036,-23.421913
207.4523078,38.39403563,1.960393,-24.37846
207.4664082,38.39281584,1.094,-25.603876
208.4131179,39.86075942,3.3971996,-25.613518
208.4246826,60.01220703,1.7088,-25.617943
208.4458618,35.72404861,0.1895,-22.808941
208.4482594,60.07122604,2.468,-24.599419
208.5224762,31.65066338,1.3202,-26.49452
208.8576092,0.781080318,2.832,-26.236389000000006
209.033423,47.40851043,2.246,-24.545273
209.0657292,56.81121535,1.6740000000000002,-25.53894
209.1366577,21.06454086,0.3009,-24.586138
209.2684631,19.31871986,0.7196,-27.323267
209.3712311,-2.793889999,0.6004,-25.763458
209.4679716,43.53754569,2.6919999999999997,-25.700684
209.5733032,57.86794281,1.3735,-28.120913
209.7155609,54.1348114,2.0696,-27.943377
209.7268524,62.65366745,1.2279,-26.356428
209.7839814,55.82085785,1.393,-23.577082
209.8374329,51.62748337,0.413,-23.336657
210.0130038,55.56693246,1.3659999999999999,-25.34198
210.0694122,-1.139490008,0.3511,-23.402441
210.1064091,-1.499173352,0.584,-24.755516
210.1259405,0.823552548,0.888,-23.51671
210.1331787,4.08268404,0.4271,-25.923571
210.1446228,0.792621017,0.3616,-23.193298
211.1616821,43.45207214,0.3227,-26.32793
211.2036743,55.66444397,1.7687,-25.914228
211.2625587,55.7418405,3.03,-27.054340000000003
211.3730164,35.05776978,0.5842,-24.586042000000006
211.3788147,35.05544662,1.5976,-26.774790000000007
211.4736854,55.11827862,2.471,-26.619894
211.6362794,50.74572791,1.7470804,-24.351297
212.1829978,54.30941682,0.57,-22.867205
212.3510264,26.34154039,3.218,-26.132515
212.5101929,33.20610428,0.6001,-24.510323
212.5825135,17.52127119,0.599,-23.402321
212.5963999,17.5327778,2.082,-24.363707
212.6116123,49.03727829,1.3019999999999998,-25.555407
212.6305334,52.25937523,0.608,-22.92713
212.7672377,52.29873381,2.884,-27.53215
212.8055042,54.93233683,1.5330000000000001,-25.797567
212.8475817,52.2254664,0.47200000000000003,-22.879793
213.0241639,-1.031337984,3.752,-28.058218
213.4707419,44.04187039,1.3526406000000002,-24.560177
213.598524,57.6996616,2.136,-25.970537
213.7044862,42.28031686,1.834,-26.668373
213.7224744,42.29596884,1.6304741000000005,-24.711939
213.8777313,52.07764919,0.647,-23.511318
213.8912017,52.099456,0.987,-25.492584
213.9426727,11.49540138,2.5603,-29.512619
213.9503054,52.15276264,2.469,-25.724329
213.9661158,11.05453604,1.885,-27.229155
214.1767862,52.30351638,1.285,-26.935715
214.1891568,52.48499737,1.63,-24.464752
214.2060186,52.42526693,1.025,-24.318396
214.208746,43.50438742,2.8480000000000003,-25.132168
214.2135728,52.34614819,0.8079999999999999,-23.095732
214.2236352,52.35261253,1.6030000000000002,-23.940331
214.2885132,43.40731812,0.3814,-23.031322
214.2939903,52.47470597,1.2819999999999998,-22.603991
214.312668,52.38687305,1.261,-23.480801
214.3362426,25.14342627,2.373,-24.949154
214.347439,52.53163664,0.483,-21.423742
214.3524599,52.50691328,0.48100000000000004,-22.939196
214.3951949,52.4696217,1.2229999999999999,-23.14122
214.3997717,52.50829565,0.986,-24.341805
214.4118109,52.39252187,2.1590000000000003,-25.510893
214.44717,52.586323,2.7460000000000004,-46.548534
214.4630643,52.38641406,0.281,-21.577087
214.5080916,52.58747844,1.493,-25.586596
214.5140063,52.69104927,1.6840000000000002,-25.290596
214.5191456,52.6291777,1.0859999999999999,-23.263315
214.5404744,52.71670706,3.1919999999999997,-25.595594
214.5486498,27.1842289,2.025,-31.184319
214.5676726,52.49462659,1.608,-25.29327
214.5769124,52.73223548,2.1430000000000002,-24.470776
214.5852252,53.15086501,1.7109999999999999,-23.73646
214.5961485,52.68856108,2.053,-24.180729
214.6003298,52.69626484,2.937,-24.190844
214.6626537,52.22585972,1.8519999999999999,-25.898462
214.674789,52.50972942,1.3090000000000002,-24.7316
214.67614,52.61221524,2.117,-24.522633
214.6804447,53.32245395,2.298,-25.540979
214.6949202,52.24260276,1.851,-23.335083
214.7776989,42.15015047,2.2002382000000003,-25.62401
214.7840729,6.476334095,1.4374,-28.502407
214.7925262,42.12969208,0.8731,-26.935301000000006
214.8094747,52.76902077,2.701,-24.724314
214.8253045,52.69957708,2.033,-25.446119
214.8320465,51.31826019,1.8461,-25.756077
214.8435767,51.28211046,0.48526675,-22.663265
214.8638933,51.26520478,2.978,-27.024094
214.8982528,52.95297482,3.217,-26.636715
214.9316069,52.90871362,3.4419999999999997,-25.90066
214.9395981,52.78000165,1.147,-23.87495
214.943222,46.57343674,0.5465,-22.906334
214.9596037,52.997394,1.2770000000000001,-23.398279
214.9699772,53.03450241,1.9,-24.727264
214.994536,53.01945119,1.7309999999999999,-25.052305
215.0159839,1.678857335,1.778,-25.698816
215.0233219,53.01020458,1.646,-25.45368
215.0359004,53.00111935,2.588,-24.726927
215.0426932,52.67489615,0.5479999999999999,-23.048092
215.0705612,53.14123073,2.722,-25.185452
215.1065918,53.18479308,1.849,-24.20792
215.1146137,53.08181578,0.9940000000000001,-23.498432
215.1213145,52.96136909,1.4040000000000001,-22.954006
215.1381951,53.12641468,2.88,-25.98724
215.1550932,52.87406901,1.901,-25.996611
215.155173,52.98083537,2.274,-24.977365
215.1576832,52.91467639,1.2690000000000001,-24.804361
215.1690328,53.12799325,1.755,-24.661743
215.2184895,52.93956066,0.6759999999999999,-25.322741
215.2823402,53.05505255,0.7355495,-22.326866
215.3052293,53.20516229,1.952,-24.969854
215.3194974,53.10201688,1.33,-24.865387
215.3725522,53.09683093,1.182,-23.923714
215.4011785,53.02049013,4.289,-26.657427
215.4246252,53.1797946,1.415,-23.477293
215.4533079,16.50488563,2.475,-26.011114000000006
215.4541996,16.50753523,2.4659999999999997,-25.799364
215.5061116,52.54729478,2.119,-26.184374
215.6495514,-1.869779944,0.6661,-24.287853
215.852611,57.38532576,0.758,-23.023764
215.9812622,38.53070831,1.2069,-25.498383
216.1770339,44.44643699,1.7393203999999998,-24.619852
216.189639,35.05889633,0.789,-22.146116
216.1955428,44.58799557,1.8165827,-25.040804
216.2187958,44.55854034,1.5915,-26.102577
216.3489267,34.56028678,2.638,-26.56694
216.4051514,-0.617977977,0.8542,-24.274775
216.6359558,29.99689484,1.9337,-26.839752
216.6977339,35.31015037,2.6439999999999997,-25.318344
216.7051849,3.421592951,0.5296,-24.573219
216.7440491,-0.34900099,0.6268,-26.353361
216.8170013,44.12167358,0.92,-24.433994
216.8498684,53.64965318,1.963,-26.893146999999995
216.8608742,53.66307175,1.047,-23.397223
216.8983612,26.5373764,0.3641,-25.269047
216.9351501,33.64129639,1.2306,-25.732027
217.3098885,33.94178657,2.105,-25.493242
217.3133111,34.63897972,2.353,-27.698244
217.3636846,52.64709197,0.593,-25.76306
217.4820041,33.74664131,1.421,-25.37421
217.5845074,34.49494685,2.8939999999999997,-25.748941
217.5989137,42.07680903,4.705,-28.565815
217.6701522,1.827772717,2.121,-28.443682
217.7693629,27.09017686,2.261,-26.405319
217.781316,34.45859031,4.28,-27.713078000000007
217.9030984,33.07652504,1.383,-24.846199
344.7767334,-8.374869347,0.6878,-24.46022
346.5591125,-1.006791949,0.2668,-22.907244
346.5694155,19.96806249,1.489258,-27.973642
347.4422913,0.013575,0.3517,-23.474289
348.2075762,5.15674726,1.931,-24.427
348.2199934,14.74961631,0.768,-23.57868
348.2210454,14.74816449,1.5330000000000001,-27.631718
350.0385132,-10.58965588,0.7276,-25.048056
350.1276697,15.93230031,2.3569999999999998,-25.619587
350.3609671,23.80183856,1.5586722,-24.095234
350.4011585,23.65505882,0.6490866,-22.420877
350.5644199,19.74469966,2.469,-26.093586
350.7502614,15.16733688,1.9980000000000002,-27.734442
351.0488586,-10.47840214,0.8352,-24.810558
351.4873352,-0.083341002,1.4082,-26.2833
351.9321899,0.476945996,0.5237,-23.064709
352.006134,0.284729004,0.41100000000000003,-23.406609
352.3730039,0.263530759,2.517,-24.489664
352.8474731,-10.8704958,0.6109,-23.936131
353.6287231,14.11383629,0.3627,-23.128801
353.7601734,18.25274172,1.2779428999999998,-23.070715
355.2415765,4.520973307,2.589,-27.059601
355.9488198,9.945953759,2.594,-26.756964
356.3792474,9.151560436,2.786,-28.118767
356.6059435,12.79553533,2.568,-26.283649
356.6917255,12.75748499,2.773,-28.968805
357.0385537,0.847680691,2.799,-25.325941
357.0799595,0.954877458,2.145,-25.550783
357.081604,0.955972016,2.1632,-27.377134
357.3131818,19.20996894,2.0617015,-26.670977
357.7395022,2.46119631,0.49968943,-24.76652
357.7411589,-0.869421523,3.0210000000000004,-28.239792
357.961792,-1.176836014,0.4041,-23.205812
357.9838562,-1.153705955,0.1739,-24.549393
358.2229943,-0.480674612,1.639,-27.080692
358.5262951,-0.352936992,3.528,-26.886858
358.538208,-0.329986006,0.4615,-24.668518
358.8913792,-0.036392593,1.6821479,-24.148418
359.5786133,-0.155408993,0.4022,-22.995739
359.9726868,-9.615452766,0.3585,-23.152405
54.71592712,-0.105440997,2.2445,-25.458445
54.7282486,-0.089171998,3.05,-28.49461
110.6670532,41.56476593,0.2101,-23.134945
113.286584,25.60693649,2.6860000000000004,-27.109732
113.7452011,37.24571228,1.1243,-25.623657
114.4473672,38.82787108,0.7929999999999999,-24.466978
114.5837402,27.84591293,2.0,-26.198738
115.6788064,49.71684967,0.695,-23.238531
116.0727997,37.88811874,1.0669,-26.434752000000003
116.1848079,45.68346121,1.7381544999999998,-25.105347
116.224308,45.68739604,0.953,-24.53322
116.2736893,45.62641907,1.791,-26.825357
116.3243918,39.37842399,1.0759999999999998,-22.951439
116.3923492,19.85436249,1.1326,-25.783474
116.5877686,33.84466171,0.2836,-23.278856
116.7210159,44.06427383,1.9984,-26.987457
116.8881005,51.19756134,1.6157053999999995,-24.709843
116.9689291,32.00750409,0.9009999999999999,-24.045053
117.6875076,21.42953682,0.408,-23.921228
117.7002995,42.86286466,3.9108248,-26.636263
117.7276836,42.87201597,1.905,-29.790771000000003
117.8012848,29.32730675,0.9164,-28.397673
117.8412781,31.16530037,1.307,-23.918579
118.1808853,21.05031776,2.187,-27.411127
118.8383255,34.760849,1.7806,-26.044954
118.9565125,32.28447723,0.4203,-23.195602
119.5018298,43.22721268,1.867,-24.184948
120.0671005,40.49879456,2.0209,-27.122396
120.2116893,50.0816792,1.649,-23.98502
120.2292811,36.1535504,0.89,-22.937107
120.3898087,14.24522686,1.1941,-25.460106
121.1714534,53.4204522,0.59,-23.699789000000006
121.1998596,10.25659657,1.9489,-27.700512
121.2197266,21.3472805,0.1242,-23.073877
121.4997711,26.10066223,0.136,-23.114975
121.5987701,20.10884857,1.5375,-26.165859
121.9897481,4.542941013,2.873,-28.502653
122.2732542,46.33713438,2.551,-24.081575
122.2839144,46.3237771,0.657,-26.778402000000003
122.3943405,25.8105526,0.5451,-24.986765
122.4891276,18.3012278,0.97,-26.747036
122.5778275,25.15590858,0.2635,-23.469887
122.7636649,28.27251072,3.385,-28.148865
123.3803635,25.75085258,1.5096,-29.633648
123.3888551,35.13632708,4.92,-28.750004
123.4002528,48.21740003,0.87,-26.261642
123.4285578,25.69530525,0.841,-23.209816
123.8291473,10.61986828,2.0206,-27.589973
124.151635,50.09292761,1.8363082,-25.317656
124.3649522,50.12512964,1.9666846999999998,-25.478661
124.5666603,42.37928482,1.3812536,-27.152386
125.1638397,47.11571306,0.369,-21.572876
125.2411728,31.90023994,1.0672,-25.192204
125.2817244,31.13086767,2.608,-29.616863
125.4122634,12.29166243,3.114,-28.051031
125.6578293,26.89377975,1.4428,-26.815121
125.9213595,29.47449723,2.372,-27.580873
126.2920456,3.300410986,2.0386,-28.058144
126.6396255,7.713442802,0.3108,-24.879398
127.4450912,18.87293434,1.7919,-27.217604
127.4692078,18.88085556,1.8626,-26.445997
127.6621673,24.34102074,2.386,-26.803734
127.7161582,1.5331397,0.63,-22.913996
127.7170231,24.18328256,0.94,-27.081373
127.7572694,51.27609793,1.558,-24.866234
127.9937363,50.57893372,0.5308,-23.777487
128.0035039,50.57826297,1.675,-23.814085
128.0424082,52.68765381,1.6340000000000001,-24.794596
128.0448282,4.057386996,0.843,-23.698421
128.070816,4.068119049,1.1159999999999999,-25.490034
128.2248688,43.78681946,1.8409,-26.551573
128.4371068,0.019690217,2.531,-26.476269
128.5289307,35.10080719,0.4699,-23.078999
128.5446246,45.38492005,1.865,-25.460598
128.5746223,49.2442364,0.17311852,-22.830276
128.8582498,43.86979446,0.568,-25.556208
129.1626548,48.70536897,1.2217996000000002,-23.998932
129.2065277,48.69836426,1.7108,-27.242422
129.2290955,7.95346117,0.5729,-24.071371
129.2575418,0.122045186,2.214,-26.704504
129.5301428,54.12319495,1.47,-23.637936
129.7168918,2.951014724,1.771,-28.042891
129.7772064,57.90473175,1.534,-28.258469
129.8874592,11.2018188,2.6710000000000003,-27.040752
130.0693783,41.39074813,1.1149824,-23.215033
130.0729597,41.42054129,1.0207381,-23.415939
130.198288,13.20654392,0.6804,-25.243181
130.3502289,38.41741607,1.6322359,-25.601826000000006
130.5212402,18.59471893,1.2703,-28.17131
130.5317774,18.5812315,2.373,-27.209154
130.6303255,12.30334201,2.448,-25.570215
130.7640281,36.16208982,1.2631278000000001,-23.48208
130.7672775,36.3677829,2.307,-25.954992
130.9562475,41.29489787,0.9890000000000001,-27.02343
131.0829597,12.75784439,2.5069999999999997,-27.128889
131.1829054,44.34669226,1.4406339,-23.840313
131.2686708,27.90424078,2.248,-26.491991
131.2974854,27.90885544,0.5798,-23.843195
131.44664,13.48282909,1.8834,-28.704939000000003
131.6021165,27.16734051,2.195,-25.606821
131.7294343,17.887603,3.0580000000000003,-24.911371
131.8168308,37.53835399,0.45428708,-24.267941
131.9210358,44.75257111,1.5821,-24.706757
132.1052703,44.80269653,1.318,-23.815929
132.1139528,44.90962982,0.9,-23.635384
132.1241441,44.68831749,2.5970712000000002,-25.638542
132.1918132,44.71102719,1.94,-26.271587
132.226954,44.86391204,1.038,-23.459309
132.260591,45.01106587,0.524,-22.135696
132.2711391,44.95408938,1.262,-24.692106
132.2979044,44.7482046,1.305,-24.629536
132.3410239,57.07906212,1.709,-24.318415
132.3468565,44.88065209,2.187,-29.651087
132.5841286,10.77363032,1.98,-25.531015
132.6030426,37.78594589,0.4068,-22.7262
132.7213405,44.8562462,0.54197246,-25.537249
132.8225555,30.31075478,1.9173,-27.259571
132.8532837,31.81547644,2.638,-24.987801
132.9391174,36.53489685,0.5078,-23.585648000000006
133.0652466,49.34468842,0.5658,-24.267441
133.1272196,35.00000802,2.235,-26.229023
133.1351166,33.29032135,1.4083,-26.377441
133.2268794,5.280952681,2.477,-25.53779
133.2858729,13.88189489,1.113,-26.75135
133.4911608,46.56406284,0.5489999999999999,-24.872839000000006
133.6495362,8.128113889,2.065,-25.85844
133.7324839,20.10574016,0.9229999999999999,-23.306602
133.8108779,58.79228985,1.3841448,-23.733307
134.1575012,51.11658478,0.9742,-25.580555
19.28132302,31.89477327,2.639,-26.704199
19.42440414,-10.78823376,0.6603,-25.431669
20.04697157,20.0916419,1.0281575,-25.318312
20.10483608,32.72494161,2.759,-25.014297
21.00849256,0.744385761,1.3015562,-23.507683
21.01574266,0.742435917,3.8360000000000003,-29.342918
21.37018776,-0.098884001,1.0759,-27.832853000000004
21.37292388,-0.087089543,3.0418243,-24.124802
21.37296305,20.42713655,0.94192255,-22.990458
22.49903402,23.63890543,1.4646702,-25.199402
23.01444435,-9.531573296,0.1898,-22.43973
23.20576163,0.440856889,3.181,-28.135403000000004
23.64860916,-9.517483711,2.22,-26.418001
23.7452471,24.51404489,2.112,-25.878231
23.74590308,24.51321285,2.095,-26.364817
24.45731689,-4.786189413,2.84,-27.682325
24.46892248,-4.796126113,1.345,-22.946321
24.53854956,-0.069789233,3.6944215,-25.134947
24.72687531,-0.356904,1.0487,-24.05197
24.75586872,-8.412231386,3.013,-28.211281
24.98295547,0.682000217,2.1830000000000003,-25.398983
25.23788923,27.31674679,1.6587866999999998,-24.30459
25.89995451,2.304257169,1.2538387,-22.898237
26.21546421,27.27782688,2.258,-25.416973
26.31915548,-9.754817939,2.725,-30.065432
26.64394725,0.850102396,1.3528638000000002,-24.111267
28.35215579,-3.578335583,3.272,-26.925703
28.48617554,-0.213692993,2.0789,-26.01507
28.50080341,-0.220249913,1.8824881000000002,-24.11195
29.2255901,-0.803677486,1.7873803,-23.621946
29.47862774,-0.934281807,2.2318301,-25.235399
29.52357101,-0.901283026,1.0265,-24.653709
29.57692208,-0.236728147,1.499,-23.879734
29.7460388,-0.843762856,2.6260000000000003,-24.983322
29.75371552,-0.810895979,0.9497,-25.587269
29.77011108,-0.848318994,2.1133,-25.749073000000006
29.95936775,0.39467299,0.1627,-24.043077
30.36033541,24.18783339,0.9936434999999999,-24.158659
30.41791811,-2.21595358,1.7808502,-25.371843
30.74561119,-0.468759,0.3393,-22.806396
31.14661217,-9.531923294,0.6238,-25.419113
31.91039499,-5.067790297,2.01,-24.432072
32.37822265,-4.640587235,1.131,-27.838251
32.44982168,-0.081462524,2.073,-24.651396
32.46130148,-0.085135858,2.85,-29.658121
32.50773419,-3.833789985,1.8348818,-24.25477
32.87649997,-4.230826371,0.6091409999999999,-24.043629
32.89681146,2.23593536,1.2414068999999999,-23.996977
33.35517883,-7.753009796,1.7943,-26.958927000000006
33.41914749,13.79890537,0.3574,-23.170488
33.47976777,-5.855919002,0.14,-22.168434
33.69583893,-0.547399998,0.3489,-22.936392
34.19690746,-5.156381853,1.653,-23.23806
34.1989783,-5.287078606,1.0270000000000001,-23.551895
34.23009128,-5.196322967,2.7960000000000003,-24.958981
34.31108513,-5.090475119,1.901,-24.990032
34.3171007,-5.126379133,2.329,-24.262529
34.34022292,-5.108063584,0.9840000000000001,-23.968981
34.36524393,-5.250789245,2.295,-23.822493
34.41158026,-5.215892825,2.182,-26.135534
34.45839174,-5.46956042,1.288,-23.149113
34.48536358,-5.114411289,1.09,-23.234686
34.48848603,-5.037889615,1.087,-23.925415
34.48876202,-5.135723385,1.4069999999999998,-23.923594
34.49431878,-5.137475426,3.034,-25.268814000000006
34.49839022,-0.246984929,2.291,-26.186037
34.51482749,-0.238671388,1.591,-23.270992
34.53566643,-5.206745566,1.0390000000000001,-22.485846
34.57167708,-5.049639488,1.287,-24.470724
34.62747763,-4.939707954,1.4,-27.11495
34.64367876,-5.232518281,0.514,-21.611649
34.64670395,-0.760697792,0.97494566,-23.250807
34.68532792,-4.806893653,4.564,-27.770334
34.96560287,-0.743137002,1.0355,-25.006098
34.97100449,-0.742838979,0.6855,-24.090052
35.1734924,-3.450120444,0.645,-22.747179
35.21714539,1.619763376,3.138,-24.93605
35.65293989,-5.647813143,2.5469999999999997,-26.263714
35.77993797,-4.617484498,2.781,-25.363447
35.83416408,-3.073057943,1.036582,-24.401814
35.86038822,-0.079024143,2.612,-25.875799
36.11968413,-0.061832803,2.9410000000000003,-24.810635
36.20776314,-4.507203762,1.024,-24.122322
36.21791114,-3.259080328,2.105,-26.471178
36.42521569,0.570076156,2.725,-24.295525
36.44328098,1.131590107,1.821,-25.997202
36.44923698,0.558996006,2.106,-24.778135
36.47331619,0.858608007,1.8135,-26.69133
36.47864422,0.921261732,1.768,-25.860313
36.48689579,0.782092019,1.139,-24.049679
36.55171967,0.567297995,0.4234,-22.574974
36.63084297,0.418609208,1.818,-24.249521
36.63389406,0.55422371,2.7560000000000002,-25.543247
36.68432281,-4.122301765,1.4780000000000002,-25.505438
36.88261501,1.190668567,1.4147,-23.907755
36.89738268,1.184694226,2.795512,-25.435522
37.004392,0.66214021,1.9409999999999998,-45.672779
37.03269958,-1.261193991,2.0455,-27.571928000000003
37.05080326,0.449396186,2.585,-24.964445
37.10610431,0.661733412,0.6811762,-21.884552
37.13838954,0.566111469,1.1440000000000001,-23.663437
37.17921464,0.412704015,1.455,-22.80481
37.18134768,0.410777365,2.1197057,-24.804455
37.187023,0.408346506,3.49,-27.374779
37.25290714,0.373791565,2.4130000000000003,-24.169376
37.26227019,0.524512791,1.224,-22.986374
37.5678996,1.051494639,2.53,-25.456156
37.63161993,0.62748848,2.358,-25.666565
37.64993262,0.603560261,2.003,-24.43096
37.76041031,-8.528134346,0.5866,-23.940651000000006
37.97350311,-9.559336662,0.5544,-23.824741
38.190367,-4.1350504,1.47,-44.965328
38.43434375,-0.417900006,1.9,-24.506062
38.51511533,-0.470548977,2.177,-23.437374
38.53566162,-0.458300792,0.8440000000000001,-23.863235
38.73614885,-4.126896146,2.507327,-24.806625
38.78058392,-4.034805909,1.4421083000000001,-28.625483000000006
38.7986187,-4.034022001,0.7019736999999999,-22.567055
38.80887503,-3.959320648,1.3848976,-26.962309
38.82246832,-3.953545841,1.205,-23.138638
38.92596797,-0.091300052,0.852,-23.778908
39.83820426,1.107812219,1.963,-25.904644
39.85403554,1.120935894,2.574,-24.136187
39.9956614,-1.596845134,1.609056,-24.576067
40.17009446,-8.21945227,1.857,-26.209841
40.728795,-0.075998998,1.85,-45.519688
40.75115996,-0.066072595,2.35,-25.464588
40.88924827,1.36025827,0.59822685,-25.049681
40.93236935,-8.352749809,2.5980000000000003,-26.406696000000004
41.48728555,1.40283211,3.068,-25.054169
41.64207784,-8.426713654,1.686,-27.472401
42.49907303,-0.01784,1.5088,-25.330711
42.51203156,-8.401689529,1.5586,-25.863781
42.51471585,-8.412706169,0.9640000000000001,-22.845076
42.60580664,0.166747779,1.3483120000000002,-23.586847
42.61111166,0.150947235,0.596,-24.19207
43.14315151,-1.205066549,2.238,-25.006315
43.18804674,0.685964484,1.276,-24.022564000000006
43.19221354,0.674971024,0.98152524,-22.700218
44.23083717,-0.316512942,1.77,-25.017832
44.25942327,-0.309834153,1.6438107,-23.826767
44.80293461,0.556794061,1.6890547999999999,-23.840769
44.82024325,0.550204537,1.5142010000000001,-23.44768
44.99869919,0.803790987,0.8926,-24.570875
45.00239182,0.807781994,0.9,-27.519236
45.80427933,-0.249293,0.6999,-25.223549
47.52377319,-0.898747027,2.3531,-25.678968
47.65354156,0.922698975,3.7826,-27.811039
49.25112152,-0.046829,1.4937,-25.706512
0.765104129,16.07217174,2.897,-26.016171
0.807579402,21.97852265,1.7380856,-24.298176
1.217671695,-1.023401697,2.162799,-23.916153
1.468054176,-0.11545741,5.855,-25.73666
1.473454611,-0.117504789,2.02,-23.869921
1.594197989,-0.073454998,1.0377,-24.730583
1.843411429,0.883032149,3.277743,-25.697533
2.031251197,13.93597629,0.46399999999999997,-22.599525
2.572237674,-0.770359815,1.6818228,-24.059631
3.721692803,9.204916352,2.338,-27.950424
4.216554027,16.00048269,2.8930000000000002,-26.338886
4.414240463,15.82676197,2.708,-27.705906
5.023748875,-0.837875009,0.5755,-23.46139
5.027466479,-0.829414697,1.6202432,-23.6299
5.105089028,15.68186542,2.019,-28.621447
5.280809037,20.97365677,1.9129698,-24.512671
5.287784473,20.95837016,2.411,-26.09791
5.54651949,0.401196002,0.8190000000000001,-23.467031
5.649840244,0.313891199,0.5221781,-21.959425
5.671457152,14.52016955,2.7289999999999996,-25.355116
5.688142642,0.30626196,1.7537503,-24.949541
6.008852422,-2.016979515,2.614,-26.545313
6.011179021,-2.749920807,0.42074573,-23.314417
6.093773467,0.595110614,1.6321241000000002,-24.495615
6.491946275,-0.831600248,1.423559,-24.46991
6.584832441,17.06861549,2.574,-25.131693
6.689872322,17.06473673,1.23,-24.41099
6.781518739,17.10496708,0.9470000000000001,-23.817514000000006
7.037274626,26.2530294,2.207,-26.554632
7.279943549,-0.94071669,2.1800318,-24.111656
7.317579415,-0.943180751,2.7060000000000004,-24.980505
7.528786688,33.27836683,2.0709999999999997,-24.747997
7.616601077,26.30119346,1.534,-24.727819
7.681643963,-10.58824635,0.2961,-22.694429
8.79784584,-0.821671009,0.18600000000000005,-22.426338
8.82034111,-10.79202175,0.7967,-24.786856
9.026878927,18.63306696,1.4703648,-25.548283
9.422688755,13.21152572,2.25,-25.182745
9.585550084,-2.127902036,0.22043705,-22.36928
9.8115231,0.88003225,1.9818155,-45.742058
9.842158446,0.871353644,1.5671669,-24.8461
9.863046491,0.864677063,2.38,-25.504927
10.24006108,-1.775550747,1.1783727,-26.280474
10.42633644,-1.501605945,1.8858268,-25.061264
10.84319973,-0.228818998,1.5925,-26.334253000000004
10.98803847,1.238270426,2.6830000000000003,-26.888638
11.94268036,-0.010113,1.5412,-26.052662
12.23298845,5.561319119,1.41,-23.630632
12.54091167,-0.650174975,0.7276,-23.633055
12.9654353,32.9948409,2.329,-25.525412
13.29449987,22.48923902,2.0558023000000003,-25.043798
13.35250265,12.56210914,0.68,-23.262997
13.40780025,22.45187797,2.715,-26.652143
13.73647444,25.42111613,1.9064531000000002,-24.903374
13.84055274,-0.471441878,2.254,-26.537355
13.86344118,-0.326252906,1.6654159,-24.628929
14.03198082,25.801309,0.15108570000000002,-22.731316
14.29142284,14.76948929,0.1721,-24.468153
14.37137985,-9.549583435,0.5582,-24.72253
14.66232681,-10.44760418,0.4898,-24.549644
14.81710243,15.63780689,0.3542,-22.99424
14.84848685,-0.00121269,2.7001417,-24.383869
14.84956169,-0.022352001,0.7471,-23.480122
14.88012765,31.3854706,2.226,-25.111603
14.88380438,1.671498453,1.6930227999999998,-24.559702
15.29324531,18.54275358,2.492705,-27.319546000000006
15.30028534,-9.750227928,0.3505,-23.691591
15.31146031,4.237016247,0.94270766,-24.498913
15.70689678,-8.895675659,1.6837,-27.553488
15.79696048,13.27160884,2.705,-30.284439000000006
15.80413806,2.352759553,0.39399999999999996,-24.808453
15.82565461,19.57194869,1.1475933999999999,-22.981052
15.83046544,-0.315932892,1.047,-24.643221
15.83710384,19.55693765,0.87955886,-24.120625
16.32613611,21.49434398,1.8790792,-26.465958
16.53223466,26.05966634,0.41100000000000003,-22.861626
16.72611528,1.037401636,1.474,-24.845995
16.81654739,-8.574826241,0.3558,-23.196388
17.02677264,16.59721576,2.6439999999999997,-29.629803000000006
17.11464934,0.364940111,1.8133153000000002,-24.982586
17.16152556,1.583410793,2.1088977000000004,-28.149361
17.53455289,-2.432352636,1.0684325000000001,-23.977539
17.59192564,19.65903391,1.3130000000000002,-22.925747
18.04245992,20.3393601,0.7426552,-26.349239
18.13094467,1.040190396,1.625,-24.177307
18.223701,0.99970176,2.27,-46.141823
18.32473668,0.941409034,1.6262406,-23.36305
18.48494582,0.357468817,2.329,-24.769001
18.61451054,-1.27610246,0.11800000000000001,-21.088259
18.82126419,-1.4512583,1.3710953000000001,-27.08919
18.941104,-0.91186064,1.3102475,-44.742229
18.95723939,-0.952925933,1.5930000000000002,-23.394484
19.0059558,-5.084424488,3.1830000000000003,-25.149889
182.2191826,45.75492594,1.7719999999999998,-24.549406
182.3067322,43.65582275,1.3976,-27.522139000000006
182.3260803,61.75164032,2.0994,-25.719217
182.3358765,26.67812538,1.5544,-26.068571
182.4366617,49.86022253,2.25,-26.427502
182.4755807,14.38881073,2.708,-26.786974
182.509509,49.88141879,1.5663348,-25.014017000000006
182.5103149,49.88687515,1.6184,-26.17148
182.5200583,42.58870023,2.15,-25.071114
182.634837,39.62651653,1.0364101000000001,-23.325951
182.7129658,39.22345452,0.701,-22.85486
182.810679,36.96099491,0.171,-23.483742000000003
182.8277893,14.63624001,0.5804,-24.714331
182.910124,10.48623401,2.199,-25.692543
182.9191555,10.50056785,2.191,-28.221453000000004
182.9309441,8.563809449,2.4930000000000003,-27.257719
183.1489292,46.99387078,2.9674687,-25.011021
183.5357576,45.65194763,2.189,-25.462669
183.6083422,45.5130606,1.709,-24.313704
183.6174062,21.46357183,2.15,-26.620924
183.7964836,13.02552181,2.306,-25.797182
183.9529338,52.41358465,1.5151515,-24.769972
183.9575441,-0.575605258,2.6830000000000003,-29.379658000000006
184.1666589,12.95032699,3.1439999999999997,-25.767944
184.1678179,36.35214554,2.739,-26.556044
184.1752448,13.03178218,2.218,-25.416918
184.3873162,37.77888582,2.1427693,-25.322887
184.406601,45.65608978,1.3083,-25.974854
184.4172974,37.79702377,1.7928,-26.478849
184.5342824,11.47528943,2.313,-25.173195
184.6189424,47.50539525,1.1243886,-23.744022
184.7019614,47.42567881,1.123,-24.283558
184.70359,47.246615,3.6639999999999997,-47.18494000000001
184.7966156,47.11880493,1.9005,-26.711525
184.797724,47.05079393,1.4663452,-23.657137
184.7984915,46.98506595,1.7181133999999998,-24.697031
184.8111966,47.01043004,1.4664369,-24.773767000000007
184.8294373,6.657411098,0.6542,-24.174871
184.8390949,6.61577683,2.199,-26.375488
184.8566885,14.88787273,3.174,-26.302851
184.8575329,47.27531643,0.725,-22.774466
184.8782149,49.68117646,2.701,-29.767792
184.9223633,29.6919632,0.275,-22.954971
184.9269931,47.35296568,1.1794832,-23.625103
184.9679565,47.3495903,0.6531,-24.185654
184.9835723,47.27554015,1.7966058,-25.573244
185.0028349,6.679273436,2.779,-25.12495
185.0495148,2.061726093,0.2404,-25.159189
185.08255,9.329657555,0.3769,-23.471794
185.1087952,9.343961716,0.4857,-24.114693
185.1411133,33.72000504,1.5327,-26.945461
185.1639709,17.30575562,0.4429,-24.17255
185.1661326,17.30203787,2.491,-26.302816
185.1847229,17.48608971,1.5252,-26.07781
185.2572115,11.73393348,2.234,-24.63126
185.2786291,45.81447627,0.525,-25.474014
185.3515193,4.564193157,3.1189999999999998,-27.953827
185.5308806,9.926516156,2.229,-24.708052
185.5922241,24.35016632,0.3943,-23.024448
185.8241577,9.385261536,0.6818,-26.038023000000006
186.3013916,9.905641556,0.3972,-23.890671
186.303894,12.30991173,0.4118,-24.774836
186.4641939,0.082989174,2.248,-25.546841
186.533432,-0.10063,1.1256,-26.156713
186.5916532,48.46365968,1.2105399,-23.693335
186.639798,9.02950625,1.76,-24.119841
186.6634369,0.086971,0.8615,-23.984238
186.6888733,33.46694183,3.3386,-26.956724
186.7149207,13.35589862,2.77,-26.54352
186.7231445,23.91626358,0.9847,-24.663708
186.7624203,48.44737995,2.437,-25.029921
186.832069,8.083797411,2.221,-24.861395
186.9531674,8.172540434,2.261,-26.126684
187.0487069,12.82031682,3.543,-26.860855
187.0487087,28.64360509,0.47200000000000003,-23.277048
187.0751343,44.21723175,0.6623,-25.351065
187.0783794,12.45548042,0.866,-23.536823
187.0920715,11.76856518,0.3651,-23.414917000000006
187.1096826,13.01840427,3.228,-27.520828
187.1220703,11.06503487,0.1673,-22.326504
187.2075949,1.928244698,2.32,-26.330467
187.2227762,1.946922101,2.32,-25.423805
187.3476285,7.858856162,2.8080000000000003,-27.250616
187.3799744,1.880004048,0.7704,-24.850225
187.5493371,40.2452683,2.045,-28.884304
187.5718842,40.25357819,1.3274,-24.85021
187.5915345,12.54496723,2.281,-26.368385
187.6348288,12.26588825,2.5540000000000003,-26.008762
187.6808929,61.80608368,0.3239,-22.928192000000006
187.7654526,39.48433731,1.02,-25.758953
187.8218981,14.63657784,0.142,-20.895641
187.8931165,14.87598063,2.142,-24.583227
187.9463196,12.64315891,0.2916,-22.681087
188.000061,-2.401324034,1.0432,-27.513927
188.0162048,-1.122228026,0.8963,-23.634077
188.0272942,20.42358416,2.478,-27.82057
188.0755528,11.35609888,3.0860000000000003,-26.259636
188.1170044,14.26631737,0.4269,-23.139786
188.119219,8.97371806,2.764,-25.349165
188.1657807,8.929422245,2.443,-26.160532
188.2668762,-0.526151001,0.4712,-24.718504
188.2920074,16.19048691,0.9172,-25.217524
188.3574524,9.523159027,0.4143,-25.909859
188.5446777,11.29240704,0.8166,-25.397312
188.5530623,37.5363018,3.1060000000000003,-27.143463
188.5557784,37.73806442,1.3700346,-24.096544
188.5766981,12.04240844,2.256,-25.054573
188.5972117,37.44726863,2.157,-26.606054
188.8656467,12.22746705,0.727,-26.137739
188.9103562,62.27868663,0.713,-23.592871
188.9881295,41.62630111,1.8888890999999999,-24.268818
189.0503911,62.32815406,2.219,-25.084934
189.0679387,19.31458236,2.339,-26.147655
189.0955908,62.25739989,2.5869999999999997,-26.072157
189.097251,28.19953747,1.956,-27.060814
189.1928406,7.229651928,0.4157,-23.553436
189.2460084,62.4228928,3.06,-26.157154
189.2786262,62.28393159,1.0170000000000001,-24.653385
189.3112053,38.75162916,2.233,-25.364891
189.3469362,25.15575276,2.49,-26.414564
189.3600745,38.7652491,2.1269357,-24.633451
189.427203,62.30325549,2.302,-24.371857
189.4981995,62.18400192,0.9095,-25.486603
189.50383,62.2266922,0.4402,-23.558023
189.5841589,17.84420926,0.45299999999999996,-26.035259
189.7716341,14.75331609,3.207,-26.392036
189.77358,14.740425,1.68,-45.276993
189.8141937,53.23740387,0.2013,-22.763508
189.8514252,27.7865448,1.5471,-26.165283
190.0059838,26.34933477,3.49,-26.934937
190.0364061,26.33857484,2.35,-25.134951
190.5973358,19.78911972,0.1605,-22.928862
190.6553497,17.63883591,0.4579,-24.461489
190.7095191,13.07130728,0.75,-23.991016
190.9902344,16.38149452,0.5551,-24.696396
191.045105,17.35125732,1.2816,-29.145622
191.1163451,17.43213071,2.258,-25.695732
191.2343597,-1.659389019,0.4918,-24.809187
191.7451174,12.1485342,3.795,-27.407982
192.1319569,12.60963774,1.028,-22.761799
192.1397095,56.58541489,0.2657,-23.213497
192.1524963,12.58440208,1.3472,-25.820673
192.456896,59.53805279,2.053,-27.93399
192.5238495,26.51875687,2.0476,-30.479858
192.755188,10.90810013,0.8707,-24.207388
192.9394989,17.18808746,0.65,-25.122915
192.9911696,25.8245423,2.474,-28.009302
193.0409935,56.49759934,2.374,-26.906532
193.109787,56.57213211,0.3201,-23.68092
193.1678925,33.18281937,0.4884,-23.250191
193.3232117,31.09740067,0.7824,-27.101446000000006
193.5158511,46.45898941,1.7409999999999999,-24.770655
194.1239725,27.25182815,2.5340000000000003,-27.391354
194.1243526,56.86867208,2.275,-25.816975
194.1328888,-2.525170088,0.5615,-24.069019
194.2496948,4.459556103,1.025,-28.218292
194.2671356,34.3224678,3.1043,-26.905579
194.2697559,34.22320132,0.956,-22.921467
194.2769623,1.844236016,0.4216,-24.347807
194.2797093,27.38313293,2.654,-26.325401
194.4978943,47.04592514,0.3422,-22.786366
194.5310669,23.48933411,0.2583,-24.151503
194.5634155,-1.988530993,0.4122,-24.537445
194.6354855,14.16920223,4.6930000000000005,-26.961763
194.6689758,56.05941772,0.2096,-22.977922
194.8684112,27.57355322,2.326,-24.899845000000006
195.1005606,28.15769622,2.185,-24.765142
195.1387634,40.15213776,1.6725,-26.923809
195.1721217,28.11363291,2.9789999999999996,-26.978521
195.1784858,28.14478459,2.4530000000000003,-26.230940000000004
195.3038177,59.03518677,0.4764,-26.880341
195.7927746,33.56853913,0.565,-23.26272
196.0437469,35.61442947,0.9036,-25.871744
196.0497319,35.6053126,1.995,-25.471999999999998
196.0779873,24.15975392,1.895,-27.534925
196.3167292,17.82731505,1.975,-24.904099
196.8893611,29.38441637,0.242,-21.076723
196.9747009,6.703863144,0.601,-26.011724
197.1049079,29.1295851,2.282,-25.450966
197.1068726,2.960014105,1.755,-26.210388
197.3053284,38.29750061,1.8068,-26.672153
197.4196016,57.55276663,4.2810000000000015,-28.113773
197.4458313,8.330062866,0.1543,-24.476217
197.4703827,1.330736041,0.5471,-25.518143
197.6194305,32.34548569,0.9973,-26.87262
197.8301892,-1.341911936,2.62,-28.400393
197.8328268,-1.363330434,1.775,-24.822918
198.0486918,42.73704895,0.9486648999999999,-22.848076
198.0932624,42.63719313,2.5663116,-25.782719
198.1373596,18.24977875,1.8726,-26.897232
198.3051416,5.352732574,0.9079999999999999,-22.599838
198.4216472,14.69460344,1.8969999999999998,-27.644009000000004
198.5278027,51.80870699,1.0400732,-23.305355
198.5992606,51.77023846,0.67178947,-22.563076
198.6771936,-3.148713717,3.035,-24.763222
198.7367712,51.81472256,2.447,-25.895588
198.754776,53.55392838,1.9219,-27.757967
198.8975983,25.61219788,1.9296,-27.329435
198.9661182,42.17038278,3.2380385,-25.271872
199.0095713,42.14281283,2.36,-26.233845
199.0407562,-1.901098013,0.4057,-24.254574
199.0940668,41.97149064,1.8946073,-24.017065
199.1084446,29.19734217,1.6580000000000001,-25.431698
199.3094635,39.41726685,1.168,-24.443726
199.3276825,39.42448807,1.5619,-27.029432
242.3044624,60.77113697,0.655,-23.005056
242.7469844,14.91640941,2.286,-24.572823
242.7986145,51.52532196,0.3545,-22.758146
242.9006612,52.55285573,2.66,-25.197498
243.2570516,8.135013826,2.3819999999999997,-26.825569
243.2584694,8.137294574,2.391,-27.491756
243.3784637,51.06679535,1.5606,-25.333208
243.6048889,37.86966324,0.5526,-26.01133
244.0921021,5.024374008,4.872,-28.954515
244.4272308,32.3762207,0.151,-23.225037
244.671463,19.523386,1.3445,-25.435106
244.8189392,33.71067047,0.4709,-25.458002
245.001776,17.38242239,2.444,-26.238178
245.0909119,17.60665131,0.5551,-26.050396
245.2325401,51.94566009,3.06,-28.201626
246.0474396,22.07445145,2.0045,-26.69215
246.1628571,23.75338554,0.9274,-25.974762
246.4503581,26.74237894,2.458,-27.837828
246.4533219,26.78299297,2.535,-29.093315000000004
246.4891039,26.74671638,2.597,-27.663399
246.8838171,27.91782197,3.1310000000000002,-26.380041
247.0524811,51.7941149,1.2930496999999999,-24.780899
247.2785282,39.54459977,0.7829999999999999,-23.599117
247.2959089,39.5328851,3.0460000000000003,-26.3517
247.4030758,23.35458984,2.549,-25.092247
248.0046539,37.6305542,1.4747,-29.183107
248.4541069,31.56998159,1.5230000000000001,-28.051983
248.6936646,46.32967758,0.5756,-24.319738
249.2538452,26.60275269,1.9609999999999999,-26.627792
249.2981994,40.88867679,2.372,-26.802185
249.374527,25.71889687,0.6227,-23.597242
249.4020349,25.71488729,3.638,-27.346741
249.4437561,11.8303566,0.1476,-22.971224
250.1042786,46.74697495,0.5372,-24.594231
250.6349322,39.58083981,3.727,-27.337658
250.7450367,39.81028547,0.593,-27.874996000000003
250.7673187,31.96682358,0.8562,-25.19562
250.7972565,31.93845177,0.5865,-24.192293
251.2544713,46.43761482,3.805,-27.603468
251.3328936,46.42760695,3.858,-26.9496
254.9157104,18.57689285,0.1708,-23.043938
255.0450897,39.9294014,0.5765,-23.856846
255.2525024,64.2026062,2.7348,-30.722193
255.7102814,33.73601151,0.2015,-22.920996
255.9242554,38.66243362,0.5539,-24.509129
256.1724243,60.74180603,0.3716,-26.783159
258.2966687,43.79240327,2.398,-24.05582
259.3872681,59.79652405,1.0596,-25.69561
259.4037476,59.50319672,0.5995,-24.226152
259.4517822,59.80573654,0.7632,-25.545967
259.6321716,59.885952,1.8375,-26.802908
259.7583923,54.50130463,0.8672,-24.15929
259.8764059,29.63494209,3.285,-25.720102
259.9259644,25.84134293,1.6602,-25.067368
259.9444285,25.82810371,2.165,-26.097532
260.193229,35.57027397,1.365,-27.92453
260.4511414,57.96815491,1.6153,-25.409674
260.5132141,59.90208054,1.8116,-26.021732
260.6614075,58.85193634,1.6185,-27.108635
260.8226013,59.07958603,1.5987,-26.546627
261.4868774,56.36601257,0.8717,-23.732855
262.7045898,58.84988022,2.035,-25.065739
263.0128784,61.29774857,0.3582,-23.36252
265.3018494,53.94236755,0.8507,-23.796265
309.3551636,-5.629703045,0.6806,-25.874161
310.877533,-0.183285996,1.867,-26.852709
310.8883362,-0.184524998,0.5447,-25.084885
312.4859009,-0.200485006,0.3693,-24.140375
314.8434448,-5.478553772,2.5404,-27.431131
315.005188,-7.193419933,0.5997,-27.872871000000004
315.50177,0.083857998,0.3292,-23.0993
315.5479431,-6.779170036,0.3579,-22.955633
316.2159729,-7.202614784,0.353,-23.026598
317.363739,-6.170875072,0.5724,-24.473631
318.4299927,-7.838243961,0.4202,-23.581203
319.658844,0.944626987,0.3842,-23.394217
320.1424255,-6.689511776,0.3684,-22.70916
321.2807551,4.164756446,3.721,-26.835932
322.1809387,0.40990001,0.3466,-22.617722
322.2902402,0.203989361,1.3419999999999999,-25.480417000000006
322.3514416,0.110680381,1.3980000000000001,-25.339165
322.4152511,0.137587113,2.01,-26.059635
322.5254763,0.095725872,2.74,-24.851526
322.6114502,-7.055740833,0.1841,-22.447794
322.9787704,0.432795614,1.595,-23.778913
323.0035925,0.435986512,3.3739999999999997,-26.334387
323.8321258,-1.062422822,1.6540000000000001,-25.279051000000006
323.8354492,-1.055104971,0.7934,-25.426781
324.1607666,0.698388994,1.9397,-29.05438
324.1643943,0.68766676,0.955,-24.484777
325.0020447,12.15405846,0.7518,-24.293783
326.0650024,12.91748238,0.3897,-23.139145000000006
327.5280151,12.10573387,1.9894,-27.498465000000003
327.5615234,-6.887351036,0.5896,-26.253347
328.5820923,-9.298221588,1.2134,-26.061178
329.3737595,0.637380728,2.716,-24.672276
329.3969401,0.633675384,0.754,-23.597332
329.9769287,-0.363941997,1.9606,-29.21113
330.3482056,0.195733994,1.9054,-25.681816
330.3587888,0.208765731,2.635,-25.782013
330.6155237,18.75869962,1.9040240000000002,-24.739325
330.6911365,18.84223345,2.373,-27.81476
331.3722726,-0.51964479,2.46,-27.669333
331.4876099,12.21102905,1.3786,-26.758816
331.7988821,10.22964547,0.625,-22.013296
332.0484619,-8.543089867,1.9175,-27.740929
332.2843628,-0.933026016,0.5297,-23.758633
332.7592027,18.20192675,1.328883,-23.696789000000006
333.5230376,12.85702673,3.701,-26.549976
334.2513822,0.332302361,2.287,-25.560526
334.3428032,0.277782627,3.365,-25.819389
334.4022421,0.272932387,3.091,-25.736935
334.4100647,0.201831996,1.1211,-24.161577
334.4374019,0.413486649,2.32,-25.462599
334.450475,0.26434316,2.156,-24.051321
334.4637451,0.196235999,1.4911,-25.227674
334.480011,0.253443003,2.0917,-25.846718
335.7337952,-9.776738167,2.9264,-29.007343
336.5749419,21.27196983,0.7020000000000001,-23.972456
337.2192078,-7.896289825,0.6384,-24.82457
337.5436401,-8.171637535,0.62,-25.082253
338.4503953,2.8257881,2.585,-24.434361
338.5374753,4.69775E-4,3.025,-29.498734
339.0799803,13.43897306,3.302,-28.752617
339.4491913,18.60272384,2.114,-24.652153
339.9997983,0.856271019,1.05,-23.870617000000006
341.7054138,-0.831770003,2.0377,-28.391790000000004
342.2384462,3.116531369,2.377,-25.832365
342.6056213,14.33113575,0.2349,-24.003511
342.8946913,18.81113436,1.7627734,-27.29636
218.042891,32.74183131,2.2119999999999997,-25.785568
218.0962471,-0.021232768,2.474,-26.273979
218.2353214,35.29349315,0.92,-23.436316
218.5253346,32.92927862,0.8320000000000001,-23.549593
218.5313452,33.02139072,2.346,-25.359634
218.7193913,35.22668276,1.0590000000000002,-24.111515
218.738048,34.04543414,2.5069999999999997,-26.707056
218.7980499,36.07701874,0.4288,-25.293219
218.9321625,34.48512166,2.5669999999999997,-28.014404
219.1443891,35.09829104,2.215,-25.633547
219.4511719,-1.786327004,1.3077,-29.342804
219.6690994,14.91590735,2.5469999999999997,-25.358664
219.7490667,18.6738779,3.096,-26.512009000000006
220.6240442,35.41506566,3.053,-25.065809
220.7282567,40.92655292,2.593,-28.569698
221.1023026,1.582519382,2.688,-26.463888
221.1710402,-0.228740161,2.543,-24.790918
221.2804726,59.61383442,0.128,-20.060734
221.3066305,9.980392095,2.4530000000000003,-24.727512
221.3186134,9.976690668,3.5410000000000004,-29.249937
221.477992,40.66889927,2.256,-24.834879
221.5797997,40.57772902,2.426,-26.583155
221.6914215,40.58494186,0.2673,-25.136932
221.7552458,8.475357051,3.0189999999999997,-26.281755
221.8043335,-1.366273343,4.0280000000000005,-27.635166
221.8281898,8.485776516,2.025,-24.519341
222.0006297,40.71992084,0.805,-27.003542
222.1045685,35.9962883,0.1131,-22.368134
222.1087472,36.02540978,0.8140000000000001,-23.565073
222.311676,0.762291014,0.9065,-24.332571
222.3256623,25.73959479,0.665,-22.243271
222.3507622,26.11741151,0.853,-22.907988
222.3978777,9.22753549,2.5610000000000004,-25.266357
222.5232198,63.32461181,1.015,-23.507938
222.6072235,63.31798935,1.7785,-25.454964
222.6250168,46.36820423,2.246,-25.709078
222.7865143,27.15747643,0.0645,-22.518297
223.2744141,58.05239822,0.765,-23.435364
223.2864274,58.05370319,2.668,-27.018999
223.595748,12.24993467,0.831,-22.807592
223.76828,-0.65596199,0.419,-22.696474
224.1897278,11.02851772,2.0206,-27.648973
224.6081123,10.22783072,1.58,-24.613813
224.7657547,10.38062836,2.3209999999999997,-27.075968
225.9389375,32.43405969,3.092,-26.214334
226.1040922,10.49421516,1.838,-27.673042
226.2466935,29.7767338,2.929,-25.303167
226.4401398,1.696341038,1.4237,-25.661478
226.5672599,1.692040683,2.6689999999999996,-27.912279
226.6192474,54.0672493,0.6377,-24.642324
226.8098317,56.06223008,0.322,-21.900265
227.1763826,51.93023825,3.0490923,-26.21063
227.5121865,57.04539055,4.313,-27.691339000000006
227.5245361,59.98148346,1.7205,-27.363390000000006
228.3027954,30.59520912,1.9428,-26.73514
228.3720483,10.18487497,1.547,-27.70278
228.6702511,36.84150566,0.813,-22.927082
228.6794586,36.84733963,0.371,-25.154888
228.7858182,21.56278176,2.2430000000000003,-27.983889
228.9108052,15.19331509,2.052,-27.834978000000003
228.9333701,17.96473891,2.398,-24.523907
229.2323497,6.927989001,2.275,-25.920658
229.9903591,25.53790833,3.6919999999999997,-26.844116
231.0140567,-0.14945627,2.593,-25.856998
231.1021881,9.974762917,1.3283,-29.080666
232.332901,59.48656082,1.1927,-25.432802
232.3427582,59.48181534,0.3691,-22.889217
232.5602722,7.075269222,1.9662,-26.54838
232.9602578,24.38826633,2.28,-27.301155
233.2035087,30.34460549,2.145,-24.736273
233.2039856,30.36875509,2.784,-26.777723
233.2860735,30.30576776,4.44,-28.18852
233.9216309,-0.272693008,0.6708,-24.11698
234.1509247,4.690836906,0.3791,-25.238544
234.2136383,54.24517441,0.3667,-22.807272
234.8176727,3.389463902,0.3593,-22.61042
234.9443207,27.18492889,2.1451,-27.219288
235.7824097,19.63103676,0.2289,-23.979231
236.3940506,57.60698267,0.268,-22.947344
236.4481354,12.36714077,0.1836,-22.421297
236.6347809,22.61051559,1.9844,-26.987291
236.9314117,20.87129211,0.2646,-25.560713
237.0642631,28.74797041,2.3040000000000003,-25.555882
237.6816406,11.34651661,0.4357,-24.04624
237.7641346,9.147009409,2.7510000000000003,-28.913675
237.9686,19.18446055,2.85,-30.902109000000006
238.115921,56.37680054,0.5651,-23.791126
238.2705383,35.80794907,0.7219,-27.242317
238.4998322,0.944845021,2.63,-26.838213
238.6993866,19.75077248,2.0996,-27.550486
238.7683258,36.4799881,0.7139,-25.603739
238.8725128,49.53193283,1.8311,-27.837265
239.0623545,34.77511328,1.825,-26.529505
239.1312408,8.014387131,1.9141,-27.211855
239.6326294,44.15320206,0.6164,-23.358631
239.6361045,44.14816144,1.7480000000000002,-27.497362
239.6965672,42.09648045,2.334,-26.190285
240.473895,43.30486538,0.29,-22.22436
241.0289867,43.24600078,0.807,-23.044739
241.0425873,43.43741226,1.5376,-27.219011
241.0508982,22.7347437,2.165,-26.236238
241.0907289,43.39851266,2.408,-26.93115
241.2308212,38.20045433,2.54,-30.592457
241.3201017,32.92403664,0.7490000000000001,-24.245266
241.4413452,53.36967087,0.1704,-22.669926
150.6338806,2.593703985,0.6576,-24.394947
150.6430359,1.836441994,1.5045,-26.256662
150.6529388,1.996850014,1.5163,-25.230356
150.6579747,2.783553029,0.212,-21.501364
150.6593933,1.629600048,2.5057,-27.449062
150.6612769,1.66013243,1.318,-24.543667000000006
150.7055352,2.629595408,2.13,-26.203938
150.7151031,2.484832048,2.0055,-26.574574
150.7160363,1.769369635,2.459,-24.454388
150.7206831,2.693623609,2.611,-26.559801
150.7355569,2.199556876,3.503,-26.950682
150.7621613,1.869047999,1.7996,-25.719246
150.7883759,2.343982935,1.9645,-25.731575
150.8762404,29.07626458,3.3289999999999997,-25.520447
151.0108948,28.92648888,0.3287,-25.86492
151.0913804,12.40916089,2.4330000000000003,-25.271322
151.0942165,23.22867931,1.157,-23.813692
151.0978851,3.116348028,0.9143,-25.267797
151.1428038,41.20563996,1.2611656,-23.994284
151.1450294,41.21090801,1.7310387999999999,-26.95612
151.1455078,41.2118721,1.7399,-26.55941
151.3968592,1.579369249,1.081,-27.774227000000003
151.4244043,43.54456475,0.17821686,-23.715088
151.4693254,49.57999854,1.122,-24.040361
151.581828,36.94130238,1.2273195,-25.221117
151.7005989,32.01884173,0.9440000000000001,-24.19021
151.7221808,32.03151256,1.8430000000000002,-26.037992000000006
151.8167615,12.89682801,0.586,-23.421513
151.8587494,12.81561375,0.2406,-25.507713
151.8682404,39.4477272,0.5612,-22.857588
152.2586212,7.228850842,0.4556,-25.348085
152.3769442,-0.438637051,1.244,-27.361197
152.3959351,0.760158002,1.2352,-24.743189
152.4340883,30.01350961,2.782,-25.692883
152.9664612,54.49519348,0.5357,-23.810528
152.979217,29.71370842,3.255,-25.352484
152.9816564,29.69488566,2.64,-30.528540000000003
153.1447788,3.12152187,2.142,-25.935604
153.5635223,40.68709564,1.9598,-27.271788
153.5650648,36.28987502,1.1735196,-23.205069
153.6578217,14.25130272,1.5531,-26.457336
153.8105803,49.54803247,0.375,-22.711317
153.8392743,62.99136085,1.893,-25.692509
153.8636169,62.98653412,0.3505,-23.412592
154.0985364,38.9816011,2.5540000000000003,-27.23628
154.1473613,27.8424179,0.508,-23.607147
154.3578806,61.2743039,2.802,-28.540701
154.4396362,21.34170723,1.3256,-25.521296
154.5378198,21.87468769,3.387,-25.469204
154.6160583,5.508336067,1.9383,-26.968901
154.9858187,27.73381328,1.9269999999999998,-30.063923
155.150436,60.39417546,1.015,-25.982294
155.2959137,49.22509384,1.7198,-26.354406
155.3228302,34.62270355,1.4052,-27.565092
155.6262512,30.68475914,1.3186,-27.648911
155.6560211,39.5306015,0.6036,-26.019518
155.7940216,47.86263657,0.5806,-24.253054
155.9456101,47.14895391,4.703,-27.720596
156.0995108,57.40149949,0.64825237,-22.448524
156.1104345,47.14909199,2.057,-24.078421
156.1218301,-0.550388792,2.427,-26.550175
156.1446533,55.9406929,0.1968,-22.766632
156.2534027,-0.678909004,0.634,-24.533123
156.317026,47.12917878,1.249,-24.927433
156.4549255,22.07656097,2.064,-27.163637
156.7471619,41.65697098,0.6014,-24.645235
156.7959696,48.85242004,3.319,-26.162033
156.8025818,28.52314949,1.0803,-25.31389
156.8297119,58.68732452,2.0248,-27.601898
156.8549042,42.8670578,0.6219,-24.157696
156.9124908,3.349881887,1.14,-25.794273
157.0097023,59.48517717,0.534,-23.964289
157.1330682,18.7601084,3.009,-26.745903
157.3080955,26.38832285,2.202,-27.480505
157.6318682,5.415256421,1.185,-26.648367
157.654915,51.56136111,1.4410673,-24.56934
157.7144967,47.26340768,3.0580000000000003,-28.501842
157.804389,50.87406449,0.841,-23.383785
157.8079078,50.8910834,0.7595411,-22.457237
157.9355774,41.90579605,0.6802,-25.110203
158.4534282,57.4991851,2.0976465,-25.054058
158.4740985,51.9443961,1.8881866000000005,-24.959801
158.6745089,51.99215152,0.7361933,-22.779081
158.7335875,39.1785903,0.528,-23.337214000000003
158.735319,51.90358784,1.5724938999999998,-24.733498
159.1397858,28.47250557,1.7667,-25.931416
159.7517545,45.61569605,1.5430000000000001,-27.785852
159.9645538,64.50117493,0.4018,-23.131031
160.3893127,-0.043432001,0.2355,-22.535109
160.421653,57.16612731,2.249,-26.376875
160.4392269,57.15059129,1.5193827,-24.367817
160.6858368,12.05865765,1.0295,-26.963528000000004
160.9854889,7.215620995,0.22399999999999998,-22.509459
161.5177827,41.83055981,1.7256281000000002,-23.94346
161.6614566,-0.175362352,2.28,-25.901903
161.6962018,11.10671396,2.276,-24.69978
161.6997711,13.05558793,0.9,-24.493814
161.7474518,57.51550674,1.0319,-25.379368
161.8405136,-0.721355661,0.879,-22.769138
161.9281815,5.833171079,2.2230000000000003,-26.777292
161.9745312,13.9173414,2.164,-24.460428
162.0034317,15.23958586,2.6289999999999996,-26.323458
162.0311584,38.62657166,0.6064,-25.067015
162.1248169,12.57445908,0.4418,-23.432457
162.3808727,51.05073601,1.9923999,-24.547289000000006
162.5386934,57.24561104,1.6454349,-24.605955
162.5664746,57.33177737,1.1455971,-23.728893
162.7616119,52.84719086,0.5431,-23.888353
162.8939362,53.26823044,0.7503,-24.722075
162.9097146,50.72580034,1.8734372,-24.874189
162.9643402,-0.854905009,0.3593,-26.093422
163.0552257,57.53931894,1.8940000000000001,-24.503958
163.1226574,57.45351294,1.079,-22.984644
163.1325872,8.102467006,1.646,-26.995014
163.1472497,48.66832767,0.47671032,-24.133364
163.1478803,48.64901192,0.715,-23.199125
163.164978,57.40872192,1.1119,-26.67404
163.1862888,57.35624383,2.835,-25.813967
163.2001684,57.35464372,0.46630320000000003,-22.461634
163.238098,57.41856661,1.5309363999999999,-24.256176
163.249246,57.53186553,1.446,-23.566853
163.2600512,57.63245241,1.8855802,-24.396648000000006
163.2751973,57.57350314,2.944,-26.315273
163.2887363,57.47235476,1.5718018,-24.60844
163.3100281,60.86339951,1.1904,-26.041008
163.4258881,-0.238933995,0.6762,-24.302593
163.4494083,57.15679038,2.254,-24.665611
163.5197144,4.494250774,0.5776,-23.862638
163.5259403,57.2281888,1.2016125,-24.289759
163.5685346,57.31067759,1.8921795,-24.201374
163.6336897,45.69774087,2.519,-26.56181
164.574585,19.86414528,1.1149,-27.529161
164.9735926,40.63739881,0.77305585,-22.998131
165.1993866,10.77033806,0.42200000000000004,-23.918404
165.3162231,5.245880127,1.0047,-25.262014
165.4896381,38.03947922,2.104,-25.503525
165.6134255,41.71067706,2.217,-24.790575
165.6187592,41.69129562,1.2863,-26.695021
165.7714544,46.64767267,3.569,-25.736589
165.8007635,53.36772191,2.142,-24.966887
165.8039037,41.69859588,0.40246084,-25.791458
166.0011597,38.04192734,1.6209,-25.43244
166.0035239,40.837467,1.8513144,-24.015539
166.1259639,59.7681829,1.6241843999999999,-23.809513
166.1814289,59.7836119,2.261,-26.72369
166.3098804,29.28043874,3.74,-26.514641
134.6242187,14.1314338,2.568,-26.18351
134.628526,44.29130913,3.37431,-26.382828000000003
134.6609184,44.30470012,1.9163202000000001,-24.858597
134.6727004,14.16245119,1.05,-25.566847
135.0304314,22.57279525,0.7120000000000001,-22.793623
135.2932862,51.27837015,0.6990000000000001,-24.135553
135.3892822,3.236797094,0.4586,-23.51195
135.7666202,46.85115167,1.465,-26.166628
135.8015442,0.652390003,2.2595,-27.014433
135.8956146,50.47204208,3.5839999999999996,-27.629673
135.9334604,56.07954468,2.423,-25.05172
136.1568683,59.95965263,2.211,-26.376541
137.2688599,-0.042927001,1.7633,-25.286627
137.3895569,42.89625168,0.6704,-24.920002
137.4756047,45.64221797,0.794,-23.763325
137.5051848,45.63755981,1.7,-23.737686
137.5866373,54.31411894,2.7960000000000003,-26.445965
137.6668396,53.90775299,1.0955,-25.304148
137.6723982,53.87733467,0.40137765,-23.580904
137.8650616,5.848361559,2.798,-28.701185
138.1584821,2.013090376,3.0410000000000004,-27.449818
138.2542725,52.99135208,1.3775,-28.662897
138.3189635,59.32268879,5.12,-27.583555
138.4395516,40.94116486,0.44150159999999994,-24.699013
138.4966545,40.0932297,2.1367529999999997,-24.570047
138.5559008,8.548944531,2.377,-27.654135
138.7571411,24.30336189,0.8440000000000001,-23.790848
138.9817525,29.7948737,2.086,-27.180882
139.3757473,32.68483206,2.013,-27.366531
139.5819244,23.9601326,0.4187,-23.029297
139.6090359,16.60251612,3.088,-27.145103
140.0588379,45.53258896,0.4022,-23.08774
140.2859039,45.64926529,0.1745,-22.387753
140.288936,45.46878864,1.864,-25.186047
140.3031589,45.46795954,1.013,-23.856615
140.3034237,45.48445312,1.6580000000000001,-26.866245000000006
140.3144714,28.91230855,1.41,-25.675064000000006
140.3174438,45.49139404,1.5402,-26.267027
140.4572144,52.97484207,1.1501,-26.346840000000004
140.4974823,45.15343857,0.235,-22.653946
140.7302256,24.95491803,2.3819999999999997,-25.493202
140.8800106,37.24518205,1.169485,-24.115948
141.0293274,37.16305955,1.9522032,-24.939608
141.1915382,56.10695471,1.8519265999999999,-24.363033
141.2324829,2.323611021,1.5225,-26.810154
141.3685264,31.73797089,2.415,-25.029295
141.3849089,52.21022428,1.4717511,-24.427156
141.4779816,19.90142632,0.1922,-24.889149
141.5588582,58.81130779,1.0816671999999998,-24.942865
141.6204249,45.52908648,1.97,-25.349436
141.8027039,29.72890472,0.6968,-25.015617
142.1311773,36.79720777,1.1753398000000002,-24.418653
142.2376181,59.00404205,1.7303526000000002,-24.782816
142.6133881,24.04242706,0.5592,-23.995716
142.63974,36.02365875,1.1574,-26.798964
142.6421657,16.42870335,2.379,-26.472692
143.0457306,43.63695526,0.5763,-23.833155
143.2611907,38.87445283,0.17710677,-22.656893
143.4972839,55.26407242,1.8628,-26.806303000000003
143.9515131,61.31860801,2.8789999999999996,-26.659853
144.4475314,15.1609812,2.553,-26.634148
144.7375693,41.47256886,1.9580000000000002,-29.537075
145.3466339,18.35172272,0.9401,-25.482721
145.5427566,47.05076864,2.316,-26.139597
145.7386079,47.01384625,0.39799999999999996,-22.106607
145.7568198,47.02388148,2.359,-25.695341
145.7589413,47.03833292,2.4819999999999998,-26.15271
145.7815055,46.99461148,2.064,-24.373686
145.8222082,47.01099091,1.847,-25.289053
145.8817291,5.52541399,0.5645,-25.981283
146.078581,9.488059816,0.718,-22.262997
146.2468591,9.513133904,2.01,-27.561956
146.7190704,13.33161831,0.1333,-23.929829
146.9070892,11.14536095,1.9048,-27.445679
146.9222383,7.412171702,1.828,-24.859354
146.9380951,7.422382832,0.0858,-22.517511
147.5449699,14.3335275,0.552,-22.387966
147.5618692,48.52061145,1.8659999999999999,-25.633261
147.6720618,33.39904545,2.289,-25.628414000000006
147.8237152,68.77579498,2.237,-27.254854
147.8440704,26.58721352,1.2461,-27.362988
148.0317841,25.88258171,0.3388,-23.329069
148.2556656,-0.500771711,2.258,-24.677237
148.3290368,51.85953057,1.0946552,-23.23781
148.3523189,63.85088127,1.3130000000000002,-27.212627
148.381006,56.43042612,1.0911263,-24.645294
148.6359897,35.67439144,2.715,-27.551897
148.6543914,35.67441763,1.9095092,-24.632637
148.811554,45.46484375,1.2388,-25.686548
148.829572,45.49655677,0.772,-23.082123
148.9714355,63.62853241,0.3565,-22.926811
149.1048443,47.57847892,4.4860000000000015,-28.460716
149.108078,-0.064746,0.5125,-24.092066
149.1517792,69.00788879,1.9752,-27.990681
149.2078337,25.25445757,0.708,-25.435688
149.2173984,41.09558485,1.5561655,-24.115757
149.2457975,41.24560524,1.1899494,-23.619747
149.2560577,68.91681671,1.2968,-27.045973
149.4090994,55.38270335,0.902,-26.679403000000004
149.4679718,2.339206934,2.0505,-27.064848
149.477951,2.642431974,1.6003,-26.145267
149.486035,2.122038074,0.9540000000000001,-23.913879
149.4979401,2.076647043,2.0336,-27.116634
149.498846,2.782651409,2.3930000000000002,-26.305912
149.524369,1.866379297,0.66,-22.604954
149.5290773,2.38013375,3.108,-26.31465
149.5453339,1.668102026,2.1007,-26.025055
149.5646057,1.823053002,1.5095,-25.413532
149.5734614,2.023626923,2.8080000000000003,-25.248932
149.5806371,1.591810551,3.055,-25.45849
149.5828094,2.484308004,0.3454,-22.734024
149.5852051,2.051100016,1.3551,-25.022453
149.587265,32.40062332,0.5306,-26.850584
149.5902252,2.774487019,1.4051,-25.842953
149.5924451,1.75672196,1.964,-28.165405
149.6418762,2.740876913,1.8871,-26.464893
149.6447754,1.750648022,1.8886,-26.445305
149.6499231,1.865844544,2.932,-27.265781
149.6619095,2.396895619,0.355,-22.527012
149.6872711,1.719171047,1.3366,-24.726032
149.6888123,32.07780075,1.5553,-24.806118
149.7036133,2.578083992,1.5489,-24.87521
149.7089844,40.06175995,0.363,-22.927572
149.7174848,12.04584518,3.298,-29.552383000000006
149.7389526,2.220698118,1.0241,-24.62184
149.7615051,2.318428993,0.3454,-22.911026
149.7818981,2.139074766,0.354,-22.013546
149.7846527,2.719340086,1.3176,-26.32128
149.7897618,2.321248089,0.37799999999999995,-21.637777
149.792962,2.12563486,0.353,-22.679605
149.7941418,30.83515151,3.77,-27.521145
149.795747,1.540295782,3.2439999999999998,-25.928925
149.8279266,2.164307117,1.1565,-25.097599
149.8325851,2.710723351,2.123,-25.052464
149.8352051,30.78331375,1.7769,-24.965725
149.8481321,2.374249377,2.735,-25.967381
149.851944,1.998428941,1.2348,-25.930479
149.8758501,2.690229922,2.187,-24.689325
149.8986511,2.810884953,1.9733,-25.576746
149.9253482,2.684205282,1.78,-25.310555
149.9308767,2.118725267,2.21,-26.814926
149.9417267,2.795423985,1.0665,-25.144146
149.9558258,2.028048038,1.7535,-26.301411
149.9915771,1.724277973,1.6274,-25.438122
150.006012,2.812391043,0.7661,-24.677734
150.0339355,1.551805019,1.1718,-24.255133
150.0538025,2.589678049,0.6984,-24.625814
150.0564575,1.627460957,1.6079,-25.186157
150.0589142,2.015134096,2.4978,-26.796984
150.1016235,1.848332047,1.6644,-25.805109
150.1019911,2.105460415,2.2880000000000003,-26.70883
150.1026917,2.530297041,1.3212,-25.855146
150.1036873,2.665718512,2.955,-25.757256
150.1051941,1.981132984,0.3726,-23.407598
150.1193079,2.853509868,0.767,-23.577688
150.1584007,2.139561257,1.828,-25.083576
150.1797333,2.110347033,0.36,-22.774803
150.1989724,2.132498782,2.153,-26.77626
150.207968,2.083329187,1.234,-25.115597
150.2088614,2.481898576,3.365,-27.135254
150.2089766,2.438461833,3.718,-26.261099
150.2152932,55.06677212,1.905,-24.502851
150.2308044,2.578151941,1.4040000000000001,-25.276407
150.2421639,55.05678476,2.658,-26.161385
150.2451782,1.900063038,1.5571,-25.239208
150.2721381,2.230101084,2.611,-26.095564000000003
150.2924956,2.545063935,2.655,-25.290089
150.3095703,2.399123907,1.7961,-26.478416
150.316502,2.246787958,2.483,-24.785975
150.3199463,1.68155396,2.0541,-26.290497
150.3344269,2.561479092,1.8342,-25.626455
150.3362243,55.89879357,1.416,-28.130882
150.3368322,55.89711715,1.4172559,-28.25206
150.3458903,2.147527502,1.253,-23.973076
150.3765411,1.717867017,1.5699,-25.18408
150.3865155,55.88524033,2.1420925,-26.514769
150.3871765,55.98528671,1.6847,-26.466972
150.391057,41.85219505,2.364,-25.209238
150.4020996,2.884336948,2.1158,-26.730453000000004
150.4206643,1.94530962,2.18,-27.435789
150.4381561,2.415826082,2.0318,-25.671926000000006
150.4907354,2.775461262,1.4340000000000002,-24.835617000000006
150.4991081,2.444926328,2.023,-26.367697
150.5062866,2.058187008,2.0232,-27.247641
150.5115662,2.409615993,0.9877,-23.914551
150.5446777,2.507280111,1.1607,-25.101027
150.5812225,1.926946998,1.5103,-25.34256
150.6097107,2.32309103,1.2923,-24.776461
